[0.07648046 0.07450922 0.07252707 0.07054598 0.06857788 0.06663323
 0.06472093 0.06284799 0.0610216  0.05924899 0.05754071 0.05591084
 0.05437774 0.05296356 0.05169186 0.05058604 0.04966675 0.04895061
 0.04843534 0.0481726  0.04812119 0.04829286 0.04867727 0.049241
 0.05000414 0.05088926 0.0518769  0.05293247 0.05402336 0.05512111
 0.05620074 0.05724192 0.0582282  0.0591479  0.05999412 0.06076616
 0.06146965 0.06211626 0.06272364 0.06331424 0.06391366 0.06454996
 0.06525152 0.06603309 0.06695453 0.06799831 0.06918905 0.07053176
 0.07202562 0.0736631  0.07543366 0.077325   0.07932533 0.0814264
 0.08362349 0.0859183  0.08831716 0.09083091 0.09347153 0.09625176
 0.0991811  0.10226454 0.10550246 0.10888868 0.11241377 0.11606445
 0.11982537 0.12368073 0.12761142 0.13160302 0.13563091 0.13967384
 0.1437069  0.14770387 0.15163755 0.15548174 0.15921149 0.16280503
 0.1662433  0.16951049 0.17259517 0.17548816 0.17818466 0.1806829
 0.18298495 0.18509555 0.18702309 0.188777   0.19037107 0.19180667
 0.19310244 0.19426366 0.19529745 0.19621036 0.19700876 0.19769759
 0.19828158 0.19876358 0.19914572 0.19942893 0.19961298 0.19969982
 0.19969139 0.1995949  0.19940635 0.19914354 0.19881171 0.19841878
 0.19797611 0.19748015 0.1969468  0.19637683 0.19577261 0.19513346
 0.19446011 0.19374785 0.1929933  0.19219174 0.19133832 0.19042968
 0.18946289 0.18843629 0.18734955 0.18620294 0.18499783 0.18373447
 0.18241532 0.18104256 0.17961936 0.17815293 0.17665119 0.17512388
 0.17358248 0.17203777 0.17050033 0.16898022 0.16748783 0.16603522
 0.16462778 0.1633102  0.16207405 0.16094697 0.15994459 0.15907827
 0.15835013 0.15775517 0.15728141 0.15691075 0.15661349 0.15639775
 0.15621965 0.1560789  0.15597332 0.15591049 0.1559061  0.15598134
 0.15616294 0.15647749 0.15694883 0.15759618 0.15843148 0.15945863
 0.16067544 0.1620488  0.16363981 0.16536017 0.16721829 0.1691972
 0.17128    0.1734498  0.1756888  0.1779813  0.18031185 0.18266597
 0.18503102 0.18739704 0.18975553 0.19210173 0.19443386 0.19675409
 0.19906859 0.20138614 0.20371762 0.20606092 0.20845633 0.21086803
 0.21329668 0.21572052 0.21810783 0.22041757 0.2226041  0.22462013
 0.22642037 0.22796509 0.2292215  0.23016433 0.2307751  0.2310414
 0.23095565 0.23051503 0.22972176 0.22858384 0.22711643 0.225343
 0.22329289 0.22100578 0.21852439 0.21589421 0.21316059 0.21036491
 0.20754259 0.20472126 0.20191968 0.19914916 0.19640639 0.19369031
 0.19098781 0.18828253 0.18555599 0.18278763 0.1799574  0.17704534
 0.17403437 0.17090884 0.16765636 0.16426814 0.16073822 0.15706383
 0.15324576 0.14928766 0.14519632 0.14098153 0.13665604 0.13223596
 0.12773946 0.12318738 0.11860249 0.11400826 0.10942942 0.10489002
 0.10041388 0.09602289 0.09173726 0.08757451 0.0835489  0.07967168
 0.07595063 0.07239024 0.06899956 0.06575771 0.06268359 0.05976754
 0.05700675 0.05438818 0.05194048 0.04963294 0.04747675 0.04547414
 0.04362786 0.04194142 0.04041791 0.03905996 0.03786966 0.0368172
 0.03599795 0.03531982 0.03481925 0.0345066  0.03436176 0.03452553
 0.03492016 0.0356262  0.03668893 0.03814926 0.04003689 0.04236438] [0.19550126 0.19157495 0.18777565 0.18411483 0.18060327 0.17725001
 0.17406373 0.17105226 0.16822182 0.16557877 0.16312771 0.16087301
 0.15881852 0.15696717 0.15532123 0.15388204 0.15265043 0.15162611
 0.15080332 0.15019366 0.14978014 0.14956307 0.14953767 0.14969426
 0.15003792 0.15055121 0.15123136 0.15207251 0.15306923 0.15421683
 0.15551201 0.15695222 0.15853619 0.16026373 0.1621365  0.16415633
 0.16632613 0.16864984 0.1711313  0.17377457 0.17658385 0.17956205
 0.18271166 0.18602842 0.18952797 0.19319261 0.19702326 0.2010154
 0.20516125 0.20945318 0.21388199 0.21843786 0.22311179 0.22789437
 0.23277811 0.23775619 0.24282358 0.24797712 0.25321608 0.25854087
 0.26395377 0.26945878 0.27506005 0.28076378 0.28657538 0.29250077
 0.29854568 0.30471487 0.31100673 0.31744424 0.32401172 0.33071905
 0.33756964 0.34456703 0.35171584 0.35902118 0.36648949 0.37412803
 0.38194513 0.3899501  0.39815152 0.40655857 0.41517867 0.42401763
 0.43307854 0.44236141 0.45186175 0.46157116 0.47147248 0.48155885
 0.4917967  0.50216336 0.51262913 0.52316168 0.53372681 0.54428999
 0.55481656 0.56527325 0.57562818 0.58585199 0.59591857 0.60580414
 0.61548904 0.62495429 0.63419486 0.64319279 0.65194383 0.66044418
 0.66868986 0.67668858 0.68443545 0.69193639 0.69919593 0.70622001
 0.71301207 0.71957906 0.72592506 0.73205414 0.73796944 0.74367273
 0.74916482 0.75444526 0.75951218 0.7643625  0.76899173 0.77339478
 0.77756518 0.78149619 0.78518095 0.78861193 0.79178243 0.79468638
 0.79731849 0.79967515 0.80175432 0.80355599 0.80508239 0.80633801
 0.80733352 0.80806705 0.8085613  0.80882625 0.80887728 0.80873076
 0.80840447 0.80791632 0.80728399 0.80652469 0.805658   0.80468684
 0.80363415 0.80250524 0.80130625 0.8000398  0.79870515 0.79729846
 0.79581222 0.79423625 0.79255785 0.79076223 0.78883328 0.78675433
 0.78450835 0.78209176 0.77945082 0.77660969 0.7735429  0.77023946
 0.76668975 0.76288551 0.75882    0.75448696 0.74988113 0.74499802
 0.73983383 0.73438519 0.72864999 0.72262686 0.71631602 0.70971909
 0.70283937 0.6956822  0.68825437 0.68057646 0.67262207 0.66443743
 0.65602092 0.64738231 0.63852965 0.62946956 0.62020572 0.61073937
 0.60106895 0.59119055 0.58109834 0.57078531 0.56024467 0.54947083
 0.53846083 0.52721534 0.51573998 0.5040463  0.4921523  0.48009221
 0.46786891 0.4555484  0.44316417 0.43076364 0.41839687 0.40611601
 0.39397323 0.38201924 0.37030227 0.35886848 0.34775252 0.33699373
 0.32661865 0.31664996 0.30710352 0.29799007 0.28931404 0.28107583
 0.27326985 0.26588783 0.25891774 0.25234391 0.24614914 0.24031451
 0.23481904 0.22964131 0.22475921 0.22015056 0.21579337 0.21166568
 0.20774714 0.20401825 0.20046026 0.19705731 0.19379384 0.1906571
 0.18763546 0.18471979 0.18190191 0.17917503 0.17653422 0.17397484
 0.1714928  0.16908529 0.16675097 0.16448047 0.16227728 0.16013676
 0.15805661 0.15603231 0.15407284 0.15216952 0.15032823 0.14855368
 0.1468528  0.14523466 0.14371045 0.14229407 0.14100024 0.13984009
 0.13884934 0.13802809 0.13740127 0.13698638 0.13679431 0.13685972
 0.13717707 0.1377643  0.1386302  0.13978089 0.14122006 0.14294818] [0.00584926 0.00555162 0.00526018 0.00497673 0.00470293 0.00443999
 0.0041888  0.00394987 0.00372364 0.00351044 0.00331093 0.00312602
 0.00295694 0.00280514 0.00267205 0.00255895 0.00246679 0.00239616
 0.00234598 0.0023206  0.00231565 0.0023322  0.00236948 0.00242468
 0.00250041 0.00258972 0.00269121 0.00280185 0.00291852 0.00303834
 0.00315852 0.00327664 0.00339052 0.00349847 0.00359929 0.00369253
 0.00377852 0.00385843 0.00393425 0.00400869 0.00408496 0.0041667
 0.00425776 0.00436037 0.00448291 0.00462377 0.00478713 0.00497473
 0.00518769 0.00542625 0.00569024 0.00597916 0.00629251 0.00663026
 0.00699289 0.00738195 0.00779992 0.00825025 0.00873693 0.0092644
 0.00983689 0.01045804 0.01113077 0.01185675 0.01263685 0.01347096
 0.01435812 0.01529692 0.01628467 0.01731935 0.01839574 0.01950878
 0.02065167 0.02181643 0.02299395 0.02417457 0.0253483  0.02650548
 0.02763684 0.02873381 0.02978909 0.03079609 0.03174977 0.03264631
 0.03348349 0.03426036 0.03497764 0.03563676 0.03624114 0.0367898
 0.03728855 0.03773837 0.03814109 0.0384985  0.03881245 0.03908434
 0.03931559 0.03950696 0.03965902 0.0397719  0.03984534 0.03988002
 0.03987665 0.03983812 0.03976289 0.03965815 0.0395261  0.03937001
 0.03919454 0.03899841 0.03878804 0.03856386 0.03832691 0.03807707
 0.03781473 0.03753823 0.03724641 0.03693766 0.03661035 0.03626346
 0.03589619 0.03550824 0.03509985 0.03467154 0.0342242  0.03375835
 0.03327535 0.03277641 0.03226311 0.03173847 0.03120564 0.03066837
 0.03013088 0.029597   0.02907036 0.02855432 0.02805217 0.02756769
 0.0271023  0.02667022 0.026268   0.02590393 0.02558227 0.0253059
 0.02507476 0.02488669 0.02473744 0.02462098 0.02452779 0.02446026
 0.02440458 0.02436062 0.02432768 0.02430808 0.02430671 0.02433018
 0.02438686 0.0244852  0.02463294 0.02483656 0.02510054 0.02542706
 0.0258166  0.02625981 0.02677799 0.02734399 0.02796196 0.02862769
 0.02933684 0.03008483 0.03086655 0.03167734 0.03251236 0.03336686
 0.03423648 0.03511765 0.03600716 0.03690307 0.03780453 0.03871217
 0.0396283  0.04055638 0.04150087 0.0424611  0.04345404 0.04446533
 0.04549547 0.04653534 0.04757102 0.0485839  0.04955259 0.0504542
 0.05126618 0.05196808 0.0525425  0.05297562 0.05325715 0.05338013
 0.05334051 0.05313718 0.05277209 0.05225057 0.05158187 0.05077947
 0.04985972 0.04884356 0.04775291 0.04661031 0.04543744 0.0442534
 0.04307393 0.04191079 0.04077156 0.03966039 0.03857547 0.03751594
 0.03647634 0.03545031 0.03443102 0.03341132 0.03238467 0.03134505
 0.03028796 0.02920983 0.02810865 0.02698402 0.02583677 0.02466905
 0.02348426 0.0222868  0.02108197 0.01987579 0.01867487 0.01748635
 0.01631737 0.01517513 0.01406655 0.01299788 0.0119748  0.01100192
 0.01008295 0.00922039 0.00841573 0.0076693  0.00698042 0.00634758
 0.0057685  0.00524035 0.00476094 0.00432408 0.00392923 0.00357216
 0.00324977 0.00295807 0.00269781 0.00246343 0.00225404 0.0020679
 0.00190339 0.00175908 0.00163361 0.00152568 0.00143411 0.00135551
 0.00129585 0.00124749 0.00121238 0.00119071 0.00118073 0.00119201
 0.00121942 0.00126923 0.00134608 0.00145537 0.00160295 0.00179474]